1 0.005000
2 0.005000
3 0.004000
4 0.005000
5 0.006000
6 0.005000
7 0.004000
8 0.005000
9 0.005000
10 0.005000
11 0.007000
12 0.005000
13 0.006000
14 0.006000
15 0.005000
16 0.006000
17 0.007000
18 0.006000
19 0.005000
20 0.006000
21 0.005000
22 0.007000
23 0.005000
24 0.007000
25 0.005000
26 0.005000
27 0.005000
28 0.006000
29 0.006000
30 0.006000
31 0.006000
32 0.006000
33 0.005000
34 0.006000
35 0.007000
36 0.006000
37 0.006000
38 0.006000
39 0.006000
40 0.006000
41 0.007000
42 0.006000
43 0.006000
44 0.007000
45 0.005000
46 0.006000
47 0.006000
48 0.007000
49 0.006000
50 0.007000
51 0.007000
52 0.007000
53 0.006000
54 0.007000
55 0.006000
56 0.006000
57 0.006000
58 0.008000
59 0.007000
60 0.007000
61 0.006000
62 0.008000
63 0.007000
64 0.006000
65 0.007000
66 0.009000
67 0.008000
68 0.007000
69 0.007000
70 0.008000
71 0.007000
72 0.008000
73 0.008000
74 0.008000
75 0.011000
76 0.009000
77 0.007000
78 0.008000
79 0.008000
80 0.009000
81 0.008000
82 0.008000
83 0.009000
84 0.009000
85 0.009000
86 0.009000
87 0.009000
88 0.009000
89 0.010000
90 0.009000
91 0.010000
92 0.009000
93 0.009000
94 0.010000
95 0.010000
96 0.012000
97 0.010000
98 0.011000
99 0.011000
100 0.012000
101 0.011000
102 0.011000
103 0.012000
104 0.012000
105 0.011000
106 0.014000
107 0.013000
108 0.012000
109 0.015000
110 0.012000
111 0.013000
112 0.014000
113 0.014000
114 0.013000
115 0.014000
116 0.014000
117 0.014000
118 0.014000
119 0.013000
120 0.014000
121 0.015000
122 0.015000
123 0.015000
124 0.015000
125 0.017000
126 0.017000
127 0.016000
128 0.017000
129 0.017000
130 0.018000
131 0.017000
132 0.018000
133 0.018000
134 0.018000
135 0.018000
136 0.019000
137 0.023000
138 0.020000
139 0.020000
140 0.020000
141 0.023000
142 0.021000
143 0.021000
144 0.024000
145 0.022000
146 0.022000
147 0.024000
148 0.023000
149 0.026000
150 0.025000
151 0.024000
152 0.025000
153 0.027000
154 0.026000
155 0.026000
156 0.028000
157 0.027000
158 0.028000
159 0.029000
160 0.028000
161 0.029000
162 0.031000
163 0.030000
164 0.033000
165 0.032000
166 0.032000
167 0.033000
168 0.034000
169 0.034000
170 0.034000
171 0.034000
172 0.036000
173 0.036000
174 0.036000
175 0.037000
176 0.038000
177 0.040000
178 0.039000
179 0.039000
180 0.041000
181 0.042000
182 0.042000
183 0.043000
184 0.043000
185 0.043000
186 0.045000
187 0.046000
188 0.046000
189 0.046000
190 0.047000
191 0.048000
192 0.051000
193 0.051000
194 0.050000
195 0.052000
196 0.051000
197 0.054000
198 0.053000
199 0.054000
200 0.056000
