1 1
2 2
3 3
4 4
5 5
6 6
7 7
8 8
9 9
10 10
11 11
12 12
13 13
14 14
15 15
16 16
17 17
18 18
19 19
20 20
21 21
22 22
23 23
24 24
25 25
26 26
27 27
28 28
29 29
30 30
31 31
32 32
33 33
34 34
35 35
36 36
37 37
38 38
39 39
40 40
41 41
42 42
43 43
44 44
45 45
46 46
47 47
48 48
49 49
50 50
51 51
52 52
53 53
54 54
55 55
56 56
57 57
58 58
59 59
60 60
61 61
62 62
63 63
64 64
65 65
66 66
67 67
68 68
69 69
70 70
71 71
72 72
73 73
74 74
75 75
76 76
77 77
78 78
79 79
80 80
81 81
82 82
83 83
84 84
85 85
86 86
87 87
88 88
89 89
90 90
91 91
92 92
93 93
94 94
95 95
96 96
97 97
98 98
99 99
100 100
101 101
102 102
103 103
104 104
105 105
106 106
107 107
108 108
109 109
110 110
111 111
112 112
113 113
114 114
115 115
116 116
117 117
118 118
119 119
120 120
121 121
122 122
123 123
124 124
125 125
126 126
127 127
128 128
129 129
130 130
131 131
132 132
133 133
134 134
135 135
136 136
137 137
138 138
139 139
140 140
141 141
142 142
143 143
144 144
145 145
146 146
147 147
148 148
149 149
150 150
151 151
152 152
153 153
154 154
155 155
156 156
157 157
158 158
159 159
160 160
161 161
162 162
163 163
164 164
165 165
166 166
167 167
168 168
169 169
170 170
171 171
172 172
173 173
174 174
175 175
176 176
177 177
178 178
179 179
180 180
181 181
182 182
183 183
184 184
185 185
186 186
187 187
188 188
189 189
190 190
191 191
192 192
193 193
194 194
195 195
196 196
197 197
198 198
199 199
200 200
201 201
202 202
203 203
204 204
205 205
206 206
207 207
208 208
209 209
210 210
211 211
212 212
213 213
214 214
215 215
216 216
217 217
218 218
219 219
220 220
221 221
222 222
223 223
224 224
225 225
226 226
227 227
228 228
229 229
230 230
231 231
232 232
233 233
234 234
235 235
236 236
237 237
238 238
239 239
240 240
241 241
242 242
243 243
244 244
245 245
246 246
247 247
248 248
249 249
250 250
251 251
252 252
253 253
254 254
255 255
256 256
257 257
258 258
259 259
260 260
261 261
262 262
263 263
264 264
265 265
266 266
267 267
268 268
269 269
270 270
271 271
272 272
273 273
274 274
275 275
276 276
277 277
278 278
279 279
280 280
281 281
282 282
283 283
284 284
285 285
286 286
287 287
288 288
289 289
290 290
291 291
292 292
293 293
294 294
295 295
296 296
297 297
298 298
299 299
300 300
301 301
302 302
303 303
304 304
305 305
306 306
307 307
308 308
309 309
310 310
311 311
312 312
313 313
314 314
315 315
316 316
317 317
318 318
319 319
320 320
321 321
322 322
323 323
324 324
325 325
326 326
327 327
328 328
329 329
330 330
331 331
332 332
333 333
334 334
335 335
336 336
337 337
338 338
339 339
340 340
341 341
342 342
343 343
344 344
345 345
346 346
347 347
348 348
349 349
350 350
351 351
352 352
353 353
354 354
355 355
356 356
357 357
358 358
359 359
360 360
361 361
362 362
363 363
364 364
365 365
366 366
367 367
368 368
369 369
370 370
371 371
372 372
373 373
374 374
375 375
376 376
377 377
378 378
379 379
380 380
381 381
382 382
383 383
384 384
385 385
386 386
387 387
388 388
389 389
390 390
391 391
392 392
393 393
394 394
395 395
396 396
397 397
398 398
399 399
400 400
401 401
402 402
403 403
404 404
405 405
406 406
407 407
408 408
409 409
410 410
411 411
412 412
413 413
414 414
415 415
416 416
417 417
418 418
419 419
420 420
421 421
422 422
423 423
424 424
425 425
426 426
427 427
428 428
429 429
430 430
431 431
432 432
433 433
434 434
435 435
436 436
437 437
438 438
439 439
440 440
441 441
442 442
443 443
444 444
445 445
446 446
447 447
448 448
449 449
450 450
451 451
452 452
453 453
454 454
455 455
456 456
457 457
458 458
459 459
460 460
461 461
462 462
463 463
464 464
465 465
466 466
467 467
468 468
469 469
470 470
471 471
472 472
473 473
474 474
475 475
476 476
477 477
478 478
479 479
480 480
481 481
482 482
483 483
484 484
485 485
486 486
487 487
488 488
489 489
490 490
491 491
492 492
493 493
494 494
495 495
496 496
497 497
498 498
499 499
500 500
501 501
502 502
503 503
504 504
505 505
506 506
507 507
508 508
509 509
510 510
511 511
512 512
513 513
514 514
515 515
516 516
517 517
518 518
519 519
520 520
521 521
522 522
523 523
524 524
525 525
526 526
527 527
528 528
529 529
530 530
531 531
532 532
533 533
534 534
535 535
536 536
537 537
538 538
539 539
540 540
541 541
542 542
543 543
544 544
545 545
546 546
547 547
548 548
549 549
550 550
551 551
552 552
553 553
554 554
555 555
556 556
557 557
558 558
559 559
560 560
561 561
562 562
563 563
564 564
565 565
566 566
567 567
568 568
569 569
570 570
571 571
572 572
573 573
574 574
575 575
576 576
577 577
578 578
579 579
580 580
581 581
582 582
583 583
584 584
585 585
586 586
587 587
588 588
589 589
590 590
591 591
592 592
593 593
594 594
595 595
596 596
597 597
598 598
599 599
600 600
601 601
602 602
603 603
604 604
605 605
606 606
607 607
608 608
609 609
610 610
611 611
612 612
613 613
614 614
615 615
616 616
617 617
618 618
619 619
620 620
621 621
622 622
623 623
624 624
625 625
626 626
627 627
628 628
629 629
630 630
631 631
632 632
633 633
634 634
635 635
636 636
637 637
638 638
639 639
640 640
641 641
642 642
643 643
644 644
645 645
646 646
647 647
648 648
649 649
650 650
651 651
652 652
653 653
654 654
655 655
656 656
657 657
658 658
659 659
660 660
661 661
662 662
663 663
664 664
665 665
666 666
667 667
668 668
669 669
670 670
671 671
672 672
673 673
674 674
675 675
676 676
677 677
678 678
679 679
680 680
681 681
682 682
683 683
684 684
685 685
686 686
687 687
688 688
689 689
690 690
691 691
692 692
693 693
694 694
695 695
696 696
697 697
698 698
699 699
700 700
701 701
702 702
703 703
704 704
705 705
706 706
707 707
708 708
709 709
710 710
711 711
712 712
713 713
714 714
715 715
716 716
717 717
718 718
719 719
720 720
721 721
722 722
723 723
724 724
725 725
726 726
727 727
728 728
729 729
730 730
731 731
732 732
733 733
734 734
735 735
736 736
737 737
738 738
739 739
740 740
741 741
742 742
743 743
744 744
745 745
746 746
747 747
748 748
749 749
750 750
751 751
752 752
753 753
754 754
755 755
756 756
757 757
758 758
759 759
760 760
761 761
762 762
763 763
764 764
765 765
766 766
767 767
768 768
769 769
770 770
771 771
772 772
773 773
774 774
775 775
776 776
777 777
778 778
779 779
780 780
781 781
782 782
783 783
784 784
785 785
786 786
787 787
788 788
789 789
790 790
791 791
792 792
793 793
794 794
795 795
796 796
797 797
798 798
799 799
800 800
801 801
802 802
803 803
804 804
805 805
806 806
807 807
808 808
809 809
810 810
811 811
812 812
813 813
814 814
815 815
816 816
817 817
818 818
819 819
820 820
821 821
822 822
823 823
824 824
825 825
826 826
827 827
828 828
829 829
830 830
831 831
832 832
833 833
834 834
835 835
836 836
837 837
838 838
839 839
840 840
841 841
842 842
843 843
844 844
845 845
846 846
847 847
848 848
849 849
850 850
851 851
852 852
853 853
854 854
855 855
856 856
857 857
858 858
859 859
860 860
861 861
862 862
863 863
864 864
865 865
866 866
867 867
868 868
869 869
870 870
871 871
872 872
873 873
874 874
875 875
876 876
877 877
878 878
879 879
880 880
881 881
882 882
883 883
884 884
885 885
886 886
887 887
888 888
889 889
890 890
891 891
892 892
893 893
894 894
895 895
896 896
897 897
898 898
899 899
900 900
901 901
902 902
903 903
904 904
905 905
906 906
907 907
908 908
909 909
910 910
911 911
912 912
913 913
914 914
915 915
916 916
917 917
918 918
919 919
920 920
921 921
922 922
923 923
924 924
925 925
926 926
927 927
928 928
929 929
930 930
931 931
932 932
933 933
934 934
935 935
936 936
937 937
938 938
939 939
940 940
941 941
942 942
943 943
944 944
945 945
946 946
947 947
948 948
949 949
950 950
951 951
952 952
953 953
954 954
955 955
956 956
957 957
958 958
959 959
960 960
961 961
962 962
963 963
964 964
965 965
966 966
967 967
968 968
969 969
970 970
971 971
972 972
973 973
974 974
975 975
976 976
977 977
978 978
979 979
980 980
981 981
982 982
983 983
984 984
985 985
986 986
987 987
988 988
989 989
990 990
991 991
992 992
993 993
994 994
995 995
996 996
997 997
998 998
999 999
1000 1000
1001 1001
1002 1002
1003 1003
1004 1004
1005 1005
1006 1006
1007 1007
1008 1008
1009 1009
1010 1010
1011 1011
1012 1012
1013 1013
1014 1014
1015 1015
1016 1016
1017 1017
1018 1018
1019 1019
1020 1020
1021 1021
1022 1022
1023 1023
1024 1024
1025 1025
1026 1026
1027 1027
1028 1028
1029 1029
1030 1030
1031 1031
1032 1032
1033 1033
1034 1034
1035 1035
1036 1036
1037 1037
1038 1038
1039 1039
1040 1040
1041 1041
1042 1042
1043 1043
1044 1044
1045 1045
1046 1046
1047 1047
1048 1048
1049 1049
1050 1050
1051 1051
1052 1052
1053 1053
1054 1054
1055 1055
1056 1056
1057 1057
1058 1058
1059 1059
1060 1060
1061 1061
1062 1062
1063 1063
1064 1064
1065 1065
1066 1066
1067 1067
1068 1068
1069 1069
1070 1070
1071 1071
1072 1072
1073 1073
1074 1074
1075 1075
1076 1076
1077 1077
1078 1078
1079 1079
1080 1080
1081 1081
1082 1082
1083 1083
1084 1084
1085 1085
1086 1086
1087 1087
1088 1088
1089 1089
1090 1090
1091 1091
1092 1092
1093 1093
1094 1094
1095 1095
1096 1096
1097 1097
1098 1098
1099 1099
1100 1100
1101 1101
1102 1102
1103 1103
1104 1104
1105 1105
1106 1106
1107 1107
1108 1108
1109 1109
1110 1110
1111 1111
1112 1112
1113 1113
1114 1114
1115 1115
1116 1116
1117 1117
1118 1118
1119 1119
1120 1120
1121 1121
1122 1122
1123 1123
1124 1124
1125 1125
1126 1126
1127 1127
1128 1128
1129 1129
1130 1130
1131 1131
1132 1132
1133 1133
1134 1134
1135 1135
1136 1136
1137 1137
1138 1138
1139 1139
1140 1140
1141 1141
1142 1142
1143 1143
1144 1143
1145 1144
1146 1145
1147 1146
1148 1147
1149 1148
1150 1148
1151 1148
1152 1149
1153 1150
1154 1151
1155 1152
1156 1152
1157 1152
1158 1153
1159 1153
1160 1153
1161 1153
1162 1154
1163 1154
1164 1155
1165 1156
1166 1157
1167 1158
1168 1158
1169 1159
1170 1160
1171 1160
1172 1161
1173 1161
1174 1162
1175 1163
1176 1163
1177 1164
1178 1165
1179 1165
1180 1166
1181 1167
1182 1168
1183 1169
1184 1169
1185 1170
1186 1171
1187 1172
1188 1173
1189 1173
1190 1174
1191 1175
1192 1176
1193 1177
1194 1178
1195 1179
1196 1180
1197 1180
1198 1181
1199 1182
1200 1183
1201 1184
1202 1185
1203 1186
1204 1187
1205 1188
1206 1188
1207 1188
1208 1189
1209 1190
1210 1191
1211 1192
1212 1193
1213 1193
1214 1194
1215 1195
1216 1196
1217 1197
1218 1197
1219 1198
1220 1199
1221 1200
1222 1200
1223 1201
1224 1202
1225 1203
1226 1203
1227 1204
1228 1205
1229 1206
1230 1207
1231 1208
1232 1209
1233 1210
1234 1211
1235 1212
1236 1213
1237 1213
1238 1214
1239 1215
1240 1216
1241 1217
1242 1217
1243 1218
1244 1219
1245 1220
1246 1221
1247 1222
1248 1223
1249 1224
1250 1225
1251 1226
1252 1226
1253 1227
1254 1227
1255 1228
1256 1228
1257 1228
1258 1228
1259 1229
1260 1230
1261 1231
1262 1232
1263 1233
1264 1233
1265 1234
1266 1235
1267 1236
1268 1236
1269 1236
1270 1236
1271 1237
1272 1238
1273 1239
1274 1240
1275 1240
1276 1240
1277 1241
1278 1242
1279 1243
1280 1243
1281 1243
1282 1244
1283 1245
1284 1246
1285 1247
1286 1248
1287 1249
1288 1250
1289 1250
1290 1250
1291 1251
1292 1252
1293 1253
1294 1253
1295 1254
1296 1255
1297 1255
1298 1256
1299 1257
1300 1258
1301 1259
1302 1260
1303 1261
1304 1262
1305 1263
1306 1264
1307 1265
1308 1265
1309 1266
1310 1266
1311 1266
1312 1267
1313 1268
1314 1269
1315 1270
1316 1271
1317 1272
1318 1273
1319 1274
1320 1275
1321 1276
1322 1277
1323 1277
1324 1278
1325 1278
1326 1279
1327 1279
1328 1280
1329 1281
1330 1282
1331 1283
1332 1284
1333 1285
1334 1286
1335 1287
1336 1287
1337 1287
1338 1288
1339 1289
1340 1290
1341 1291
1342 1292
1343 1293
1344 1294
1345 1295
1346 1295
1347 1296
1348 1296
1349 1297
1350 1297
1351 1297
1352 1298
1353 1299
1354 1300
1355 1301
1356 1302
1357 1303
1358 1304
1359 1305
1360 1306
1361 1306
1362 1306
1363 1306
1364 1307
1365 1307
1366 1308
1367 1309
1368 1310
1369 1311
1370 1312
1371 1312
1372 1312
1373 1312
1374 1313
1375 1314
1376 1315
1377 1316
1378 1316
1379 1317
1380 1318
1381 1318
1382 1319
1383 1319
1384 1320
1385 1321
1386 1322
1387 1323
1388 1323
1389 1324
1390 1324
1391 1325
1392 1326
1393 1327
1394 1328
1395 1329
1396 1329
1397 1330
1398 1331
1399 1332
1400 1332
1401 1332
1402 1333
1403 1334
1404 1334
1405 1334
1406 1334
1407 1334
1408 1334
1409 1334
1410 1335
1411 1336
1412 1336
1413 1337
1414 1338
1415 1339
1416 1339
1417 1339
1418 1340
1419 1340
1420 1341
1421 1342
1422 1342
1423 1343
1424 1344
1425 1345
1426 1346
1427 1347
1428 1348
1429 1349
1430 1350
1431 1351
1432 1351
1433 1351
1434 1352
1435 1352
1436 1352
1437 1352
1438 1352
1439 1352
1440 1352
1441 1353
1442 1353
1443 1353
1444 1353
1445 1353
1446 1354
1447 1354
1448 1354
1449 1354
1450 1354
1451 1354
1452 1354
1453 1354
1454 1354
1455 1354
1456 1355
1457 1355
1458 1356
1459 1356
1460 1357
1461 1357
1462 1357
1463 1358
1464 1358
1465 1359
1466 1359
1467 1359
1468 1359
1469 1360
1470 1361
1471 1362
1472 1362
1473 1362
1474 1363
1475 1364
1476 1364
1477 1364
1478 1365
1479 1365
1480 1366
1481 1367
1482 1368
1483 1368
1484 1369
1485 1370
1486 1370
1487 1370
1488 1370
1489 1371
1490 1372
1491 1373
1492 1374
1493 1374
1494 1374
1495 1374
1496 1375
1497 1375
1498 1376
1499 1377
1500 1378
1501 1378
1502 1378
1503 1378
1504 1378
1505 1378
1506 1379
1507 1379
1508 1380
1509 1380
1510 1380
1511 1380
1512 1380
1513 1380
1514 1380
1515 1381
1516 1381
1517 1381
1518 1381
1519 1381
1520 1381
1521 1381
1522 1382
1523 1383
1524 1383
1525 1383
1526 1383
1527 1383
1528 1384
1529 1384
1530 1384
1531 1385
1532 1385
1533 1385
1534 1386
1535 1387
1536 1388
1537 1389
1538 1389
1539 1390
1540 1391
1541 1391
1542 1392
1543 1393
1544 1394
1545 1394
1546 1394
1547 1394
1548 1395
1549 1396
1550 1397
1551 1398
1552 1399
1553 1399
1554 1399
1555 1400
1556 1401
1557 1401
1558 1401
1559 1401
1560 1402
1561 1403
1562 1403
1563 1403
1564 1404
1565 1404
1566 1404
1567 1404
1568 1405
1569 1405
1570 1405
1571 1405
1572 1406
1573 1406
1574 1407
1575 1407
1576 1407
1577 1408
1578 1408
1579 1409
1580 1410
1581 1410
1582 1411
1583 1411
1584 1412
1585 1413
1586 1413
1587 1414
1588 1414
1589 1415
1590 1416
1591 1417
1592 1418
1593 1418
1594 1419
1595 1420
1596 1420
1597 1421
1598 1422
1599 1422
1600 1422
1601 1423
1602 1424
1603 1424
1604 1424
1605 1425
1606 1425
1607 1426
1608 1426
1609 1427
1610 1427
1611 1427
1612 1428
1613 1428
1614 1428
1615 1428
1616 1428
1617 1428
1618 1428
1619 1429
1620 1430
1621 1430
1622 1430
1623 1430
1624 1431
1625 1431
1626 1431
1627 1431
1628 1432
1629 1432
1630 1432
1631 1432
1632 1432
1633 1433
1634 1433
1635 1433
1636 1433
1637 1434
1638 1434
1639 1434
1640 1434
1641 1434
1642 1435
1643 1435
1644 1436
1645 1436
1646 1437
1647 1437
1648 1437
1649 1438
1650 1438
1651 1438
1652 1439
1653 1439
1654 1439
1655 1440
1656 1441
1657 1441
1658 1442
1659 1442
1660 1443
1661 1443
1662 1444
1663 1444
1664 1445
1665 1446
1666 1447
1667 1447
1668 1448
1669 1449
1670 1450
1671 1451
1672 1452
1673 1453
1674 1454
1675 1454
1676 1454
1677 1454
1678 1454
1679 1454
1680 1454
1681 1454
1682 1454
1683 1455
1684 1456
1685 1457
1686 1457
1687 1457
1688 1458
1689 1458
1690 1458
1691 1459
1692 1460
1693 1461
1694 1461
1695 1461
1696 1461
1697 1461
1698 1461
1699 1461
1700 1462
1701 1463
1702 1464
1703 1465
1704 1465
1705 1465
1706 1466
1707 1467
1708 1468
1709 1468
1710 1468
1711 1468
1712 1468
1713 1468
1714 1468
1715 1469
1716 1470
1717 1470
1718 1470
1719 1471
1720 1471
1721 1471
1722 1472
1723 1473
1724 1473
1725 1474
1726 1474
1727 1475
1728 1476
1729 1477
1730 1478
1731 1479
1732 1480
1733 1481
1734 1481
1735 1482
1736 1483
1737 1483
1738 1483
1739 1483
1740 1483
1741 1483
1742 1483
1743 1483
1744 1484
1745 1484
1746 1484
1747 1484
1748 1484
1749 1485
1750 1486
1751 1486
1752 1487
1753 1487
1754 1487
1755 1488
1756 1488
1757 1488
1758 1488
1759 1489
1760 1489
1761 1490
1762 1490
1763 1490
1764 1491
1765 1491
1766 1491
1767 1492
1768 1492
1769 1492
1770 1493
1771 1493
1772 1493
1773 1493
1774 1493
1775 1494
1776 1495
1777 1495
1778 1496
1779 1497
1780 1498
1781 1499
1782 1500
1783 1500
1784 1500
1785 1500
1786 1500
1787 1501
1788 1501
1789 1501
1790 1502
1791 1502
1792 1502
1793 1503
1794 1503
1795 1503
1796 1503
1797 1503
1798 1503
1799 1503
1800 1504
1801 1504
1802 1504
1803 1505
1804 1506
1805 1507
1806 1507
1807 1508
1808 1509
1809 1509
1810 1509
1811 1509
1812 1509
1813 1509
1814 1509
1815 1509
1816 1510
1817 1510
1818 1510
1819 1510
1820 1510
1821 1510
1822 1511
1823 1511
1824 1511
1825 1511
1826 1511
1827 1511
1828 1511
1829 1511
1830 1511
1831 1512
1832 1513
1833 1513
1834 1513
1835 1514
1836 1515
1837 1515
1838 1516
1839 1516
1840 1516
1841 1516
1842 1516
1843 1517
1844 1517
1845 1518
1846 1519
1847 1519
1848 1520
1849 1520
1850 1521
1851 1521
1852 1522
1853 1523
1854 1523
1855 1523
1856 1524
1857 1525
1858 1525
1859 1526
1860 1526
1861 1527
1862 1528
1863 1528
1864 1528
1865 1528
1866 1528
1867 1529
1868 1530
1869 1531
1870 1532
1871 1532
1872 1532
1873 1532
1874 1532
1875 1532
1876 1532
1877 1532
1878 1532
1879 1532
1880 1533
1881 1534
1882 1535
1883 1535
1884 1535
1885 1536
1886 1536
1887 1537
1888 1537
1889 1538
1890 1538
1891 1538
1892 1538
1893 1539
1894 1540
1895 1540
1896 1541
1897 1542
1898 1543
1899 1543
1900 1543
1901 1543
1902 1543
1903 1543
1904 1543
1905 1544
1906 1544
1907 1544
1908 1544
1909 1544
1910 1545
1911 1545
1912 1545
1913 1546
1914 1547
1915 1548
1916 1548
1917 1548
1918 1548
1919 1548
1920 1549
1921 1549
1922 1550
1923 1550
1924 1551
1925 1551
1926 1552
1927 1552
1928 1552
1929 1552
1930 1552
1931 1552
1932 1553
1933 1553
1934 1553
1935 1553
1936 1553
1937 1553
1938 1554
1939 1554
1940 1555
1941 1556
1942 1557
1943 1558
1944 1558
1945 1558
1946 1559
1947 1560
1948 1561
1949 1562
1950 1563
1951 1563
1952 1564
1953 1564
1954 1565
1955 1566
1956 1566
1957 1567
1958 1567
1959 1567
1960 1567
1961 1568
1962 1568
1963 1569
1964 1569
1965 1570
1966 1570
1967 1570
1968 1571
1969 1572
1970 1572
1971 1572
1972 1572
1973 1572
1974 1573
1975 1573
1976 1573
1977 1574
1978 1575
1979 1576
1980 1577
1981 1578
1982 1578
1983 1579
1984 1580
1985 1580
1986 1580
1987 1580
1988 1580
1989 1580
1990 1580
1991 1580
1992 1581
1993 1582
1994 1582
1995 1582
1996 1582
1997 1582
1998 1582
1999 1582
2000 1583
2001 1583
2002 1583
2003 1583
2004 1583
2005 1584
2006 1584
2007 1585
2008 1586
2009 1586
2010 1586
2011 1587
2012 1587
2013 1587
2014 1587
2015 1587
2016 1588
2017 1588
2018 1588
2019 1589
2020 1589
2021 1589
2022 1589
2023 1590
2024 1591
2025 1591
2026 1592
2027 1593
2028 1593
2029 1593
2030 1594
2031 1594
2032 1595
2033 1595
2034 1595
2035 1596
2036 1596
2037 1597
2038 1597
2039 1597
2040 1597
2041 1598
2042 1598
2043 1598
2044 1599
2045 1600
2046 1600
2047 1600
2048 1600
2049 1600
2050 1600
2051 1600
2052 1600
2053 1600
2054 1600
2055 1600
2056 1601
2057 1602
2058 1602
2059 1602
2060 1603
2061 1603
2062 1603
2063 1603
2064 1603
2065 1604
2066 1604
2067 1605
2068 1605
2069 1606
2070 1607
2071 1607
2072 1607
2073 1607
2074 1608
2075 1608
2076 1608
2077 1608
2078 1609
2079 1610
2080 1611
2081 1611
2082 1611
2083 1612
2084 1612
2085 1612
2086 1612
2087 1613
2088 1613
2089 1613
2090 1614
2091 1615
2092 1615
2093 1615
2094 1615
2095 1615
2096 1616
2097 1616
2098 1617
2099 1617
2100 1617
2101 1618
2102 1618
2103 1618
2104 1618
2105 1618
2106 1618
2107 1618
2108 1618
2109 1618
2110 1619
2111 1619
2112 1619
2113 1620
2114 1620
2115 1621
2116 1621
2117 1621
2118 1622
2119 1623
2120 1624
2121 1625
2122 1625
2123 1625
2124 1625
2125 1626
2126 1627
2127 1627
2128 1627
2129 1628
2130 1628
2131 1628
2132 1628
2133 1628
2134 1629
2135 1629
2136 1630
2137 1630
2138 1630
2139 1631
2140 1631
2141 1632
2142 1633
2143 1633
2144 1634
2145 1634
2146 1635
2147 1635
2148 1635
2149 1635
2150 1636
2151 1636
2152 1636
2153 1637
2154 1637
2155 1637
2156 1638
2157 1638
2158 1638
2159 1638
2160 1638
2161 1639
2162 1640
2163 1640
2164 1640
2165 1640
2166 1640
2167 1641
2168 1641
2169 1642
2170 1643
2171 1644
2172 1644
2173 1644
2174 1645
2175 1646
2176 1646
2177 1647
2178 1647
2179 1647
2180 1647
2181 1648
2182 1648
2183 1648
2184 1649
2185 1649
2186 1650
2187 1651
2188 1651
2189 1651
2190 1652
2191 1653
2192 1653
2193 1653
2194 1653
2195 1653
2196 1653
2197 1653
2198 1653
2199 1653
2200 1654
2201 1655
2202 1655
2203 1655
2204 1656
2205 1656
2206 1656
2207 1657
2208 1657
2209 1657
2210 1657
2211 1658
2212 1658
2213 1659
2214 1659
2215 1660
2216 1661
2217 1661
2218 1661
2219 1662
2220 1662
2221 1662
2222 1662
2223 1663
2224 1663
2225 1664
2226 1664
2227 1665
2228 1665
2229 1665
2230 1665
2231 1665
2232 1665
2233 1665
2234 1665
2235 1665
2236 1665
2237 1665
2238 1665
2239 1665
2240 1666
2241 1666
2242 1666
2243 1666
2244 1667
2245 1667
2246 1667
2247 1668
2248 1668
2249 1668
2250 1669
2251 1670
2252 1671
2253 1672
2254 1672
2255 1672
2256 1672
2257 1672
2258 1673
2259 1674
2260 1675
2261 1675
2262 1675
2263 1675
2264 1675
2265 1675
2266 1675
2267 1675
2268 1676
2269 1677
2270 1677
2271 1677
2272 1678
2273 1679
2274 1679
2275 1679
2276 1680
2277 1680
2278 1680
2279 1680
2280 1681
2281 1681
2282 1681
2283 1682
2284 1683
2285 1683
2286 1684
2287 1684
2288 1684
2289 1685
2290 1685
2291 1685
2292 1686
2293 1687
2294 1687
2295 1687
2296 1688
2297 1688
2298 1688
2299 1688
2300 1689
2301 1689
2302 1689
2303 1689
2304 1690
2305 1690
2306 1690
2307 1690
2308 1691
2309 1691
2310 1692
2311 1693
2312 1694
2313 1694
2314 1695
2315 1696
2316 1696
2317 1697
2318 1698
2319 1699
2320 1699
2321 1699
2322 1700
2323 1700
2324 1700
2325 1701
2326 1701
2327 1701
2328 1701
2329 1702
2330 1702
2331 1702
2332 1702
2333 1703
2334 1704
2335 1705
2336 1706
2337 1707
2338 1707
2339 1708
2340 1708
2341 1709
2342 1710
2343 1711
2344 1711
2345 1711
2346 1711
2347 1712
2348 1713
2349 1714
2350 1715
2351 1715
2352 1715
2353 1715
2354 1715
2355 1716
2356 1716
2357 1716
2358 1717
2359 1717
2360 1718
2361 1718
2362 1718
2363 1719
2364 1720
2365 1720
2366 1720
2367 1720
2368 1720
2369 1720
2370 1720
2371 1720
2372 1721
2373 1721
2374 1721
2375 1721
2376 1722
2377 1723
2378 1723
2379 1723
2380 1723
2381 1724
2382 1725
2383 1725
2384 1725
2385 1726
2386 1726
2387 1727
2388 1727
2389 1727
2390 1728
2391 1728
2392 1729
2393 1729
2394 1730
2395 1731
2396 1731
2397 1732
2398 1732
2399 1732
2400 1732
2401 1733
2402 1733
2403 1733
2404 1734
2405 1734
2406 1735
2407 1735
2408 1735
2409 1736
2410 1736
2411 1737
2412 1737
2413 1737
2414 1737
2415 1738
2416 1738
2417 1739
2418 1739
2419 1739
2420 1740
2421 1740
2422 1740
2423 1740
2424 1741
2425 1742
2426 1743
2427 1744
2428 1744
2429 1745
2430 1745
2431 1745
2432 1745
2433 1745
2434 1745
2435 1745
2436 1745
2437 1746
2438 1746
2439 1746
2440 1747
2441 1748
2442 1749
2443 1749
2444 1750
2445 1750
2446 1751
2447 1751
2448 1751
2449 1751
2450 1751
2451 1752
2452 1752
2453 1752
2454 1753
2455 1753
2456 1753
2457 1753
2458 1754
2459 1754
2460 1755
2461 1755
2462 1755
2463 1755
2464 1756
2465 1757
2466 1758
2467 1758
2468 1759
2469 1760
2470 1760
2471 1761
2472 1762
2473 1762
2474 1763
2475 1763
2476 1764
2477 1764
2478 1764
2479 1764
2480 1765
2481 1766
2482 1767
2483 1768
2484 1768
2485 1768
2486 1769
2487 1769
2488 1769
2489 1769
2490 1770
2491 1770
2492 1770
2493 1771
2494 1772
2495 1772
2496 1773
2497 1774
2498 1774
2499 1775
2500 1776
2501 1776
2502 1776
2503 1777
2504 1777
2505 1778
2506 1778
2507 1778
2508 1779
2509 1779
2510 1779
2511 1779
2512 1779
2513 1780
2514 1780
2515 1780
2516 1780
2517 1780
2518 1780
2519 1780
2520 1780
2521 1780
2522 1780
2523 1780
2524 1780
2525 1780
2526 1780
2527 1781
2528 1782
2529 1782
2530 1782
2531 1783
2532 1784
2533 1785
2534 1785
2535 1786
2536 1787
2537 1787
2538 1787
2539 1788
2540 1788
2541 1789
2542 1789
2543 1789
2544 1789
2545 1790
2546 1790
2547 1791
2548 1791
2549 1791
2550 1792
2551 1792
2552 1792
2553 1793
2554 1793
2555 1793
2556 1793
2557 1793
2558 1793
2559 1793
2560 1794
2561 1795
2562 1795
2563 1795
2564 1795
2565 1795
2566 1795
2567 1795
2568 1796
2569 1796
2570 1796
2571 1797
2572 1797
2573 1797
2574 1798
2575 1798
2576 1798
2577 1798
2578 1798
2579 1799
2580 1799
2581 1799
2582 1800
2583 1800
2584 1800
2585 1800
2586 1800
2587 1800
2588 1800
2589 1800
2590 1800
2591 1800
2592 1800
2593 1800
2594 1800
2595 1800
2596 1801
2597 1801
2598 1802
2599 1802
2600 1802
2601 1802
2602 1803
2603 1803
2604 1803
2605 1804
2606 1804
2607 1804
2608 1805
2609 1805
2610 1806
2611 1806
2612 1807
2613 1808
2614 1808
2615 1809
2616 1809
2617 1809
2618 1810
2619 1810
2620 1810
2621 1810
2622 1810
2623 1810
2624 1811
2625 1811
2626 1811
2627 1811
2628 1812
2629 1813
2630 1813
2631 1813
2632 1813
2633 1813
2634 1813
2635 1813
2636 1814
2637 1815
2638 1815
2639 1815
2640 1816
2641 1816
2642 1817
2643 1817
2644 1817
2645 1818
2646 1818
2647 1819
2648 1819
2649 1819
2650 1820
2651 1821
2652 1822
2653 1823
2654 1823
2655 1823
2656 1823
2657 1823
2658 1823
2659 1824
2660 1825
2661 1826
2662 1827
2663 1827
2664 1827
2665 1827
2666 1827
2667 1827
2668 1828
2669 1828
2670 1828
2671 1828
2672 1829
2673 1829
2674 1829
2675 1829
2676 1829
2677 1829
2678 1830
2679 1830
2680 1830
2681 1830
2682 1831
2683 1831
2684 1831
2685 1831
2686 1832
2687 1833
2688 1833
2689 1833
2690 1833
2691 1833
2692 1834
2693 1834
2694 1834
2695 1834
2696 1834
2697 1834
2698 1834
2699 1835
2700 1835
2701 1836
2702 1836
2703 1836
2704 1836
2705 1836
2706 1836
2707 1837
2708 1838
2709 1838
2710 1838
2711 1838
2712 1838
2713 1838
2714 1838
2715 1839
2716 1840
2717 1840
2718 1841
2719 1841
2720 1841
2721 1842
2722 1842
2723 1842
2724 1842
2725 1842
2726 1843
2727 1843
2728 1844
2729 1844
2730 1844
2731 1844
2732 1844
2733 1845
2734 1845
2735 1845
2736 1845
2737 1845
2738 1845
2739 1845
2740 1845
2741 1846
2742 1846
2743 1846
2744 1846
2745 1847
2746 1847
2747 1848
2748 1849
2749 1850
2750 1850
2751 1850
2752 1851
2753 1851
2754 1851
2755 1851
2756 1851
2757 1851
2758 1851
2759 1852
2760 1853
2761 1853
2762 1854
2763 1854
2764 1854
2765 1854
2766 1855
2767 1855
2768 1855
2769 1856
2770 1856
2771 1856
2772 1856
2773 1856
2774 1856
2775 1857
2776 1858
2777 1858
2778 1858
2779 1858
2780 1858
2781 1858
2782 1859
2783 1860
2784 1860
2785 1860
2786 1860
2787 1860
2788 1860
2789 1861
2790 1862
2791 1862
2792 1863
2793 1863
2794 1863
2795 1863
2796 1864
2797 1864
2798 1864
2799 1864
2800 1864
2801 1865
2802 1866
2803 1867
2804 1867
2805 1867
2806 1867
2807 1867
2808 1867
2809 1868
2810 1868
2811 1868
2812 1868
2813 1868
2814 1868
2815 1868
2816 1868
2817 1868
2818 1868
2819 1868
2820 1868
2821 1869
2822 1869
2823 1869
2824 1870
2825 1870
2826 1870
2827 1870
2828 1871
2829 1872
2830 1873
2831 1873
2832 1874
2833 1875
2834 1875
2835 1876
2836 1876
2837 1876
2838 1876
2839 1876
2840 1876
2841 1877
2842 1878
2843 1878
2844 1878
2845 1879
2846 1879
2847 1879
2848 1879
2849 1880
2850 1881
2851 1882
2852 1882
2853 1883
2854 1883
2855 1883
2856 1883
2857 1883
2858 1883
2859 1883
2860 1883
2861 1884
2862 1884
2863 1884
2864 1884
2865 1884
2866 1884
2867 1885
2868 1886
2869 1886
2870 1886
2871 1886
2872 1886
2873 1886
2874 1886
2875 1886
2876 1886
2877 1887
2878 1888
2879 1888
2880 1888
2881 1889
2882 1889
2883 1889
2884 1890
2885 1890
2886 1890
2887 1890
2888 1891
2889 1892
2890 1893
2891 1893
2892 1893
2893 1894
2894 1894
2895 1895
2896 1896
2897 1896
2898 1896
2899 1896
2900 1897
2901 1897
2902 1897
2903 1897
2904 1897
2905 1897
2906 1898
2907 1898
2908 1899
2909 1900
2910 1900
2911 1901
2912 1902
2913 1902
2914 1902
2915 1902
2916 1902
2917 1903
2918 1903
2919 1903
2920 1904
2921 1904
2922 1904
2923 1904
2924 1905
2925 1905
2926 1905
2927 1906
2928 1906
2929 1906
2930 1907
2931 1907
2932 1907
2933 1907
2934 1907
2935 1907
2936 1907
2937 1907
2938 1907
2939 1907
2940 1908
2941 1909
2942 1909
2943 1910
2944 1910
2945 1911
2946 1911
2947 1911
2948 1911
2949 1912
2950 1912
2951 1913
2952 1913
2953 1913
2954 1914
2955 1914
2956 1915
2957 1915
2958 1916
2959 1917
2960 1917
2961 1918
2962 1918
2963 1919
2964 1919
2965 1920
2966 1920
2967 1920
2968 1921
2969 1922
2970 1922
2971 1923
2972 1923
2973 1923
2974 1923
2975 1923
2976 1924
2977 1924
2978 1924
2979 1924
2980 1925
2981 1926
2982 1926
2983 1926
2984 1926
2985 1927
2986 1927
2987 1927
2988 1928
2989 1929
2990 1930
2991 1931
2992 1931
2993 1931
2994 1931
2995 1931
2996 1931
2997 1932
2998 1933
2999 1933
3000 1933
